-4.691258E-09 5.187784 0 1 0
-7.531419E-10 5.646681 0 1 0
-6.408543E-09 6.368428 0 1 0
-1.734317E-09 7.129706 0 1 0
-1.040765E-09 7.658881 0 1 0
6.681421E-10 8.205166 0 1 0
-2.058659E-10 8.768384 0 1 0
-3.515725E-09 9.644571 0 1 0
-3.639111E-09 10.24934 0 1 0
-2.230433E-09 10.87043 0 1 0
-1.48959E-09 11.50766 0 1 0
-2.193145E-10 12.49339 0 1 0
-1.76899E-09 13.17023 0 1 0
-4.361108E-09 13.86261 0 1 0
-3.842164E-09 14.92995 0 1 0
-3.916241E-09 15.66046 0 1 0
-3.08092E-09 16.78429 0 1 0
-2.544942E-09 17.55199 0 1 0
-4.752525E-09 18.73077 0 1 0
-3.498239E-09 19.53457 0 1 0
-2.375645E-09 20.76678 0 1 0
-4.137397E-09 21.6057 0 1 0
4.904213E-08 22.88986 0 1 0
-1.246098E-09 23.76295 0 1 0
2.808643E-09 25.09763 0 1 0
6.502697E-08 26.04748 0 1 0
1.315517E-07 27.58126 0 1 0
-2.379067E-07 29.15875 0 1 0
2.619101E-06 29.06931 0 1 0
-8.25135E-06 31.18775 0 1 0
1.009148E-05 31.10703 0 1 0
-2.21887E-06 34.17699 0 1 0
2.338982E-06 35.22023 0 1 0
2.629557E-07 35.12266 0 1 0
1.101435E-07 36.15716 0 1 0
4.974731E-08 39.48744 0 1 0
2.232814E-08 40.58621 0 1 0
-1.483274E-09 40.42728 0 1 0
-1.543361E-07 41.53025 0 1 0
-2.063506E-07 45.11531 0 1 0
-2.19452E-07 46.28627 0 1 0
-4.257909E-08 47.47544 0 1 0
-2.511007E-07 48.68176 0 1 0
-1.330313E-06 48.59592 0 1 0
-1.089477E-06 49.80378 0 1 0
7.536408E-07 53.4877 0 1 0
5.757744E-07 54.68387 0 1 0
1.041919E-07 54.41872 0 1 0
2.264911E-07 58.30411 0 1 0
1.90583E-07 59.52412 0 1 0
1.821144E-08 60.75537 0 1 0
-1.099574E-07 62.00169 0 1 0
1.358104E-07 63.26431 0 1 0
1.60208E-07 64.54031 0 1 0
-1.484634E-08 65.8267 0 1 0
1.466201E-07 65.48431 0 1 0
1.190271E-07 66.77911 0 1 0
7.76899E-08 71.05753 0 1 0
-3.08167E-07 72.38519 0 1 0
1.572561E-07 72.04734 0 1 0
6.417859E-08 73.38606 0 1 0
1.713437E-07 77.77113 0 1 0
8.190747E-08 77.45276 0 1 0
-1.223936E-07 78.82487 0 1 0
0.01375563 80.19839 1.498075 1 0.1498075
0.06614742 84.60973 2.838743 1 0.2838743
0.1160044 85.93575 4.497131 1 0.4497131
0.1702466 87.23917 5.400373 1 0.5400373
0.2182787 88.54817 5.67985 1 0.567985
0.2253145 89.94822 4.188848 1 0.4188848
0.2161643 91.37477 3.194849 1 0.3194849
0.1847911 92.80549 1.703856 1 0.1703856
0.1252441 92.62379 0.2128539 1 0.02128539
0.08924104 94.05935 0 1 0
0.05803218 98.52116 0.369083 1 0.0369083
0.07004711 99.96873 1.860112 1 0.1860112
0.108383 99.90306 3.351151 1 0.3351151
0.1583474 101.309 4.842081 1 0.4842081
0.2428904 105.5204 6.333119 1 0.6333119
0.3090039 106.8061 7.824103 1 0.7824103
0.3501231 106.9127 6.333119 1 0.6333119
0.343239 108.4643 4.842117 1 0.4842117
0.3215844 110.0292 3.848128 1 0.3848128
0.279638 111.5886 2.357116 1 0.2357116
0.1965494 115.5584 0.8661233 1 0.08661233
0.1409745 116.9987 0 1 0
0.09653672 117.8053 0 1 0
0.07285137 119.404 0 1 0
0.03978927 122.8694 0 1 0
0.03372116 124.338 0.4970128 1 0.04970128
0.06460188 125.9436 1.991764 1 0.1991764
0.101859 127.5438 3.491668 1 0.3491668
0.1751091 130.0695 4.992007 1 0.4992007
0.2450977 131.4075 6.566584 1 0.6566584
0.3538941 133.3328 8.291042 1 0.8291042
0.424526 134.6647 9.192554 1 0.9192554
0.496732 135.9519 10 1 1
0.5248307 137.4399 8.729495 1 0.8729495
0.5302315 139.7926 7.238465 1 0.7238465
0.5123054 141.407 6.102582 1 0.6102582
0.4723509 143.0334 4.602877 1 0.4602877
0.3968956 145.4547 3.099894 1 0.3099894
0.3331843 147.0394 1.560652 1 0.1560652
0.2274211 149.3559 0.06971292 1 0.006971292
0.1704867 150.9133 0 1 0
0.1125687 153.2989 0 1 0
0.08620178 154.908 0 1 0
0.05847812 157.3385 0 1 0
0.04545686 158.9668 0 1 0
0.03141002 161.4181 0 1 0
0.04284261 163.0528 1.501244 1 0.1501244
0.09310719 165.4566 3.002362 1 0.3002362
0.1471092 166.9951 4.56312 1 0.456312
0.2187563 168.4348 5.673131 1 0.5673131
0.3246127 170.5706 7.201651 1 0.7201651
0.4042682 171.9126 8.702017 1 0.8702017
0.4690207 174.1497 7.201524 1 0.7201524
0.4724227 175.7908 5.701349 1 0.5701349
0.4416614 178.3148 4.191447 1 0.4191447
0.3956897 179.991 2.704148 1 0.2704148
0.3120942 182.4651 1.201672 1 0.1201672
0.2443098 184.0695 0 1 0
0.1656719 186.4995 0 1 0
0.129013 188.148 0 1 0
0.089681 190.643 0 1 0
0.0708387 192.3158 0 1 0
0.07608572 194.8375 1.498944 1 0.1498944
0.1033242 196.4927 2.698299 1 0.2698299
0.1540102 198.0769 4.198483 1 0.4198484
0.2546084 200.3169 5.996546 1 0.5996546
0.324659 201.763 6.896256 1 0.6896256
0.4092567 203.096 8.40124 1 0.8401241
0.5274293 205.0664 8.891969 1 0.8891969
0.5577053 206.6325 7.390951 1 0.7390951
0.5517086 209.1714 5.591131 1 0.5591131
0.5273895 210.8959 4.690687 1 0.4690687
0.479605 212.6138 3.191462 1 0.3191462
0.4118938 214.2812 1.948495 1 0.1948495
0.3080448 216.7449 0.4303078 1 0.04303078
0.2405832 218.3608 0 1 0
0.1891914 220.0099 0 1 0
0.1334372 222.521 0 1 0
0.1064414 224.21 0 1 0
0.07648448 226.7566 0 1 0
0.06165727 228.4599 0 1 0
0.04489563 231.0204 0 1 0
0.05763718 232.7246 1.499705 1 0.1499705
0.108187 235.2201 3.01801 1 0.301801
0.2020932 237.5313 4.7997 1 0.47997
0.2780365 238.9784 6.299685 1 0.6299685
0.3565286 240.3728 7.19696 1 0.719696
0.3960932 241.9402 5.696594 1 0.5696594
0.3993568 244.4947 4.065283 1 0.4065283
0.3605356 247.0834 2.394326 1 0.2394326
0.2844168 249.6212 0.5680185 1 0.05680185
0.2025757 252.1077 0 1 0
0.1460414 254.6349 0 1 0
0.1378808 256.3459 1.490984 1 0.1490984
0.166417 258.8853 2.981987 1 0.2981986
0.2108286 260.5017 4.474157 1 0.4474157
0.3046956 262.7678 5.971988 1 0.5971988
0.3832458 264.1564 7.472806 1 0.7472807
0.4867439 266.2386 7.171804 1 0.7171804
0.5070845 267.8738 5.671502 1 0.5671502
0.4934734 270.4604 4.170239 1 0.4170239
0.4579849 272.1953 2.671694 1 0.2671694
0.3753292 274.7377 1.166791 1 0.1166791
0.3474398 276.444 2.678205 1 0.2678205
0.3538829 279.0011 4.169207 1 0.4169207
0.3859949 280.6286 5.663143 1 0.5663143
0.4662109 282.8942 7.160204 1 0.7160204
0.4931115 284.4989 5.660282 1 0.5660282
0.4861661 287.0694 4.157743 1 0.4157742
0.4538543 288.7998 2.605134 1 0.2605134
0.3737605 291.3346 1.114132 1 0.1114132
0.3062072 292.9657 0 1 0
0.2228575 295.4233 0 1 0
0.1868218 297.0981 0.4969947 1 0.04969947
0.1803632 299.6576 1.987997 1 0.1987997
0.2048243 301.3257 3.479008 1 0.3479008
0.2763435 303.6888 4.983829 1 0.4983829
0.3449192 305.1354 6.478562 1 0.6478562
0.4682138 307.095 7.978909 1 0.797891
0.5628567 308.2534 9.479049 1 0.9479049
0.6496089 310.3172 7.977307 1 0.7977307
0.6636139 311.9456 6.533104 1 0.6533104
0.6534163 313.6588 5.539106 1 0.5539106
0.6202321 315.3936 4.377414 1 0.4377414
0.5415247 317.96 2.557111 1 0.2557111
0.4695062 319.6054 1.06609 1 0.106609
0.347132 321.9528 0 1 0
0.2881474 323.5625 0.4970038 1 0.04970038
0.2584963 326.0916 1.98797 1 0.198797
0.2727706 327.7609 3.180053 1 0.3180053
0.301903 330.2319 3.178984 1 0.3178984
0.2874227 331.9277 1.978298 1 0.1978298
0.2316753 334.4321 0.1729003 1 0.01729003
0.1850222 336.0656 -0.5001733 1 -0.05001733
0.09127113 338.4066 -1.999634 1 -0.1999634
0.01038089 339.8495 -3.49894 1 -0.349894
-0.1285273 341.8168 -4.998862 1 -0.4998862
-0.2318246 342.9944 -6.460995 1 -0.6460994
-0.396348 344.5519 -7.997312 1 -0.7997311
-0.5162154 345.4094 -9.497578 1 -0.9497578
-0.6288801 346.2548 -10 1 -1
-0.7577473 347.8557 -10 1 -1
-0.8155895 349.9886 -8.238767 1 -0.8238767
-0.8214014 351.612 -7.38266 1 -0.738266
-0.7989592 353.3221 -5.866981 1 -0.5866981
-0.7581811 355.0448 -4.640007 1 -0.4640007
-0.7051746 356.7489 -3.737734 1 -0.3737734
-0.5876785 359.187 -1.638569 1 -0.1638569
-0.4455617 361.4339 -0.09948086 1 -0.009948086
-0.3706454 362.9602 -0.4969766 1 -0.04969766
-0.3239135 365.4216 -1.98797 1 -0.198797
-0.3279815 367.0684 -3.478963 1 -0.3478963
-0.3826042 369.3936 -5.266629 1 -0.5266629
-0.4385499 370.8268 -6.466753 1 -0.6466753
-0.5060406 372.1566 -7.367188 1 -0.7367188
-0.5941724 373.2903 -8.86596 1 -0.886596
-0.7384381 374.7525 -10 1 -1
-0.8129954 376.7393 -8.499363 1 -0.8499362
-0.8205677 378.324 -6.999938 0.8500576 -0.6999938
-0.7915543 380.8364 -5.502307 0.7002945 -0.5502307
-0.7487165 382.5236 -4.302337 0.5802975 -0.4302337
-0.7163737 384.1916 -4.969407 0.4302129 -0.4969407
-0.7121153 386.6349 -6.471095 0.2800441 -0.6471095
-0.7408953 388.1367 -7.970592 0.1300945 -0.7970592
-0.8201122 390.1245 -9.500714 0 -0.9500715
-0.8820295 391.3404 -10 0 -1
-0.9487566 393.331 -9.502996 0 -0.9502996
-0.9564443 394.8836 -8.012003 0 -0.8012003
-0.9191359 397.3894 -6.214484 0 -0.6214484
-0.8764972 399.0696 -5.290395 0 -0.5290395
-0.7668836 400.7794 -3.799402 0.09939713 -0.3799402
-0.6986775 404.1712 -2.308408 0.2484964 -0.2308408
-0.640358 405.4606 -0.8153596 0.3978013 -0.08153596
-0.5753383 408.1645 0 0.4878674 0
-0.4049082 407.4781 0.4970219 0.6811884 0.04970219
-0.3026459 406.2384 1.563593 0.7878455 0.1563593
-0.1866342 406.5246 3.062754 0.9377617 0.3062754
-0.01184288 408.4935 4.572538 1 0.4572538
0.1134862 409.8527 6.063558 1 0.6063558
0.2358567 411.9677 4.355436 1 0.4355437
0.2649949 413.4824 2.85633 1 0.285633
0.2376911 415.6752 1.354642 1 0.1354642
0.2076388 416.5958 0 1 0
0.1669519 418.1128 0 1 0
0.1269618 415.2318 0 1 0
0.1074238 419.1336 0 1 0
0.08579668 424.2574 0 1 0
0.07303219 426.2601 0 1 0
0.05754497 428.238 0 1 0
0.04923508 429.4922 0 1 0
0.04216221 430.8919 0 1 0
0.03610097 432.4254 0 1 0
0.02858515 434.8391 0 1 0
0.0244677 436.4528 0 1 0
0.01940033 438.8368 0 0.9287163 0
0.01663808 440.4049 0 0.7788246 0
0.01323435 442.7417 0 0.628769 0
0.01136994 444.2962 0 0.4786898 0
-0.006165016 445.8369 -1.069188 0.3717711 -0.1069188
-0.06516849 448.0532 -2.565334 0.2221565 -0.2565334
-0.1311479 449.3904 -4.198565 0.0588334 -0.4198564
-0.2598232 451.1174 -5.696838 0 -0.5696838
-0.3622476 452.0709 -7.198598 0 -0.7198598
-0.5297188 453.2193 -8.698774 0 -0.8698774
-0.6014267 454.2838 -7.370186 0 -0.7370186
-0.6450963 456.3556 -5.698514 0 -0.5698513
-0.6388928 457.8889 -4.198284 0 -0.4198284
-0.5898442 460.2319 -2.697528 0 -0.2697528
-0.5549382 461.7696 -3.280923 0 -0.3280923
-0.5558392 464.0436 -4.875224 0 -0.4875224
-0.588442 465.4361 -6.376016 0 -0.6376016
-0.6716381 467.2712 -7.75394 0 -0.775394
-0.747453 468.2952 -9.24496 0 -0.924496
-0.8168565 470.1027 -7.614428 0 -0.7614428
-0.8234117 471.558 -6.114343 0 -0.6114343
-0.8036436 473.1039 -5.063447 0.1050895 -0.5063447
-0.7420023 475.428 -3.572454 0.2541889 -0.3572454
-0.6768318 476.925 -2.081443 0.40329 -0.2081443
-0.5497602 479.0006 -0.5904501 0.5523893 -0.05904501
-0.4206458 480.9699 0 0.7497292 0
-0.3532725 482.3396 0 0.8808621 0
-0.2734331 484.4529 0 1 0
-0.2313471 485.8871 0 1 0
-0.1809493 488.0611 0 1 0
-0.1540718 489.5196 0 1 0
-0.1215291 491.7151 0 1 0
-0.1039896 493.1812 0 1 0
-0.08255787 495.3811 0 1 0
-0.07090918 496.8469 0 1 0
-0.05657319 499.0433 0 1 0
-0.04872968 500.3459 0 1 0
-0.04200613 500.3581 0 1 0
-0.03366132 500.3583 0 1 0
-0.02906208 500.3584 0 1 0
-0.0233473 500.3585 0 1 0
-0.02018322 500.3585 0 1 0
-0.01623255 500.3585 0 1 0
-0.01306324 500.3586 0 1 0
-0.01051762 500.3586 0 1 0
-0.009104379 500.3587 0 1 0
-0.007334553 500.3586 0 1 0
-0.006351124 500.3586 0 1 0
-0.005118777 500.3588 0 1 0
-0.004433611 500.3587 0 1 0
-0.006931831 500.3579 -0.3485356 1 -0.03485356
-0.0393853 500.3278 -1.839529 1 -0.1839529
-0.08728063 500.2892 -2.833536 1 -0.2833536
-0.161428 500.1998 -4.32453 1 -0.4324529
-0.2807296 500.1836 -4.984762 0.9584615 -0.4984762
-0.3120857 500.3151 -3.49376 0.8093613 -0.349376
-0.3149295 500.3611 -2.002739 0.6602592 -0.2002739
-0.2820372 500.3507 -0.4959075 0.509576 -0.04959076
-0.2211815 500.3403 0 0.3604766 0
-0.1886245 500.3454 0 0.2113755 0
-0.1804723 500.3542 -1.711916 0.04018391 -0.1711916
-0.2096716 500.3197 -3.014207 0 -0.3014207
-0.2866935 500.236 -4.711797 0 -0.4711797
-0.3648917 500.1299 -6.212842 0 -0.6212842
-0.4597876 500.0372 -7.413211 0 -0.7413211
-0.612787 499.9586 -8.776247 0 -0.8776247
-0.7235832 499.8685 -10 0 -1
-0.8039904 500.0781 -8.94867 0 -0.894867
-0.8587983 500.2831 -7.457649 0 -0.7457649
-0.857144 500.3659 -5.800294 0 -0.5800294
-0.8153644 500.3842 -4.475636 0 -0.4475636
-0.7552525 500.3644 -2.984679 0 -0.2984679
-0.6423281 500.3168 -1.493685 0.1490993 -0.1493686
-0.5421603 500.2411 -0.002665184 0.2982014 -0.0002665184
-0.417455 500.2808 0 0.4684367 0
-0.351858 500.3026 0 0.6184053 0
-0.2736517 500.324 0 0.7684292 0
-0.2321798 500.3334 0 0.9184033 0
-0.1822515 500.3428 0 1 0
-0.1554907 500.3471 0 1 0
-0.1500037 500.3552 -1.500583 1 -0.1500583
-0.1727716 500.3351 -2.48261 1 -0.248261
-0.2230932 500.2693 -3.973639 1 -0.3973639
-0.3259933 500.1837 -5.464642 1 -0.5464641
-0.4209217 500.0633 -6.993115 1 -0.6993116
-0.5746948 499.9714 -8.484108 1 -0.8484108
-0.6860473 499.9346 -9.224566 1 -0.9224565
-0.7766435 500.2122 -7.733572 1 -0.7733572
-0.7876366 500.3324 -6.242578 1 -0.6242578
-0.7673972 500.3758 -4.751566 1 -0.4751566
-0.7217429 500.3737 -3.236241 1 -0.3236241
-0.6259897 500.3363 -1.745239 0.8508998 -0.1745239
-0.5340681 500.266 -0.2542454 0.7018004 -0.02542454
-0.4114038 500.2839 0 0.5514197 0
-0.3468977 500.3048 0 0.3995014 0
-0.2699408 500.3252 0 0.2480132 0
-0.2291043 500.3343 0 0.09891476 0
-0.1799127 500.3434 0 0 0
-0.1535329 500.3474 0 0 0
-0.12144 500.3515 0 0 0
-0.1040674 500.3533 0 0 0
-0.08276095 500.3551 0 0 0
-0.07114196 500.3561 0 0 0
-0.056803 500.357 0 0 0
-0.04893969 500.3574 0 0 0
-0.04397759 500.3579 -0.4969766 0 -0.04969766
-0.07307634 500.3313 -1.987979 0 -0.1987979
-0.1473609 500.2691 -3.478981 0 -0.3478981
-0.2265852 500.1726 -4.969956 0 -0.4969956
-0.3622521 500.0836 -6.460958 0 -0.6460958
-0.4649372 500.0381 -7.245009 0 -0.7245009
-0.5448773 500.2617 -5.75398 0 -0.575398
-0.5483624 500.3625 -3.700066 0 -0.3700066
-0.5265806 500.3702 -2.682532 0 -0.2682532
-0.4749925 500.3441 -1.175709 0 -0.1175709
-0.4060972 500.3539 -1.65395 0 -0.165395
-0.4045591 500.3546 -3.144943 0 -0.3144943
-0.4375751 500.3065 -4.635945 0 -0.4635945
-0.4383712 500.3574 -3.144943 0 -0.3144943
-0.4051106 500.3617 -1.653941 0 -0.1653941
-0.3496294 500.3232 -0.1629473 0 -0.01629473
-0.2724371 500.3275 0 0 0
-0.2314 500.3358 0 0.07251891 0
-0.1818629 500.3442 0 0.2042431 0
-0.1552629 500.348 0 0.3215171 0
-0.1327866 500.3507 0 0.4706182 0
-0.1053272 500.3537 0 0.6197202 0
-0.09040499 500.3549 0 0.7688186 0
-0.1003021 500.3509 -1.490993 0.917918 -0.1490993
-0.1422915 500.3014 -2.982304 1 -0.2982304
-0.1984911 500.2544 -3.975985 1 -0.3975985
-0.243139 500.2952 -3.47899 1 -0.347899
-0.259815 500.3563 -1.98797 1 -0.198797
-0.2355192 500.3546 -0.4969859 1 -0.04969858
-0.1853027 500.3452 0 1 0
-0.1583325 500.349 0 1 0
-0.1253995 500.3525 0 1 0
-0.1075311 500.3541 0 1 0
-0.08558425 500.3557 0 1 0
-0.07360107 500.3564 0 1 0
-0.05879728 500.3573 0 1 0
-0.05067162 500.3576 0 1 0
-0.0405897 500.358 0 1 0
-0.0350346 500.3582 0 1 0
-0.02811968 500.3584 0 1 0
-0.0242986 500.3585 0 1 0
-0.01953121 500.3586 0 1 0
-0.01689129 500.3587 0 1 0
-0.01359184 500.3587 0 1 0
-0.01176195 500.3588 0 1 0
-0.009472042 500.3587 0 1 0
-0.00820054 500.3587 0 1 0
-0.00660792 500.3588 0 1 0
-0.005722867 500.3588 0 1 0
-0.004613534 500.3588 0 1 0
-0.003719992 500.3587 0 1 0
-0.00322302 500.3588 0 1 0
-0.002599674 500.3587 0 1 0
-0.002252683 500.3588 0 0.94693 0
-0.001817473 500.3588 0 0.7968563 0
-0.001575143 500.3588 0 0.6469093 0
-0.0012711 500.3588 0 0.496918 0
-0.001101695 500.3589 0 0.3471341 0
-0.0008891418 500.3588 0 0.1972442 0
0.004963926 500.3561 0.5817561 0.0472239 0.0581756
0.05006763 500.321 2.082774 0 0.2082774
0.1001127 500.2785 3.085094 0 0.3085094
0.1797156 500.167 4.781634 0 0.4781634
0.2559733 500.2975 3.472569 0 0.347257
0.2604807 500.3559 1.981577 0 0.1981577
0.2457044 500.3604 0.8810378 0 0.08810378
0.2091832 500.3434 0 0 0
0.1651379 500.3486 0 0 0
0.1609093 500.3561 1.365436 0 0.1365436
0.1819713 500.3395 2.288746 0 0.2288746
0.2282778 500.2744 3.897853 0 0.3897853
0.3240181 500.1892 5.399124 0 0.5399124
0.362323 500.3046 3.897201 0 0.3897201
0.3697525 500.353 2.879051 0 0.2879051
0.3737436 500.344 3.376036 0 0.3376036
0.4120581 500.2801 4.867021 0 0.4867021
0.4992783 500.1765 6.566458 0 0.6566458
0.5868958 500.0495 8.067331 0 0.8067331
0.6838869 499.9778 9.090444 0 0.9090444
0.8325107 499.9601 10 0 1
0.9129258 500.0375 10 0 1
0.9794881 500.0976 10 0 1
1.02754 500.1998 9.39727 0 0.9397271
1.036248 500.3318 7.900418 0 0.7900418
1.013367 500.3867 6.399844 0 0.6399844
0.9679556 500.3963 4.897622 0 0.4897622
0.8670112 500.3694 3.396857 0.1500764 0.3396857
0.7780641 500.3253 1.897759 0.2999862 0.1897759
0.6762345 500.2855 0.8777619 0.401986 0.08777619
0.5220857 500.2701 0 0.5510862 0
0.4385496 500.3008 0 0.7200437 0
0.3693164 500.312 0 0.8221078 0
0.2867841 500.3205 0 0.9712071 0
0.260542 500.3517 0.9939985 1 0.09939985
0.2578855 500.3555 2.089765 1 0.2089765
0.2837811 500.3217 3.491741 1 0.3491741
0.3548809 500.2494 5.003263 1 0.5003263
0.4013168 500.2896 4.410233 1 0.4410233
0.4132806 500.3586 2.909387 1 0.2909387
0.3859234 500.3594 1.409565 1 0.1409565
0.3321315 500.3267 0.2788073 1 0.02788073
0.3008477 500.3585 1.84767 1 0.184767
0.3137236 500.335 3.345048 1 0.3345048
0.3733028 500.2689 4.845269 1 0.4845269
0.4407732 500.178 6.215775 1 0.6215776
0.5645607 500.0659 7.848128 1 0.7848128
0.6701451 499.9298 9.34767 1 0.934767
0.772491 500.1934 7.849242 1 0.7849242
0.7973683 500.3012 6.8222 1 0.68222
0.7889171 500.3672 5.331206 1 0.5331206
0.7431742 500.3791 3.840222 1 0.3840222
0.6832858 500.3507 2.147966 1 0.2147966
0.5600409 500.2882 0.6492481 1 0.06492481
0.4703709 500.2628 0 1 0
0.3957565 500.2886 0 1 0
0.3069698 500.3156 0 1 0
0.2600037 500.3272 0 1 0
0.2207757 500.3358 0 1 0
0.1734834 500.3442 0 1 0
0.1481013 500.3481 0 1 0
0.126658 500.3507 0 1 0
0.1004634 500.3537 0 1 0
0.09056216 500.3571 0.425174 1 0.0425174
0.1125945 500.3421 1.916194 1 0.1916194
0.1988668 500.2682 3.72219 1 0.372219
0.2742169 500.1788 5.213219 1 0.5213219
0.3951384 500.1616 5.89303 1 0.589303
0.4270594 500.3081 4.336193 1 0.4336193
0.4236086 500.3625 2.756744 1 0.2756744
0.3932437 500.3576 1.198838 1 0.1198838
0.3143705 500.3227 0 1 0
0.2665767 500.3297 0 1 0
0.2094872 500.348 0 1 0
0.1792281 500.3518 0 1 0
0.1535611 500.3535 0 1 0
0.1220997 500.3555 0 1 0
0.104946 500.3563 0 1 0
0.08377524 500.3572 0 1 0
0.07216424 500.3576 0 1 0
0.06220571 500.3578 0 1 0
0.05365397 500.358 0 1 0
0.04630272 500.3583 0 1 0
0.03715241 500.3584 0 1 0
0.02611774 500.3542 -0.5874973 1 -0.05874973
-0.01149601 500.3253 -1.675666 1 -0.1675666
-0.09096485 500.2604 -3.285977 1 -0.3285977
-0.1699732 500.1645 -4.784903 1 -0.4784903
-0.3097541 500.0689 -6.285786 1 -0.6285785
-0.3848882 500.2777 -4.532657 1 -0.4532657
-0.3956014 500.3478 -3.041673 1 -0.3041673
-0.3678872 500.3681 -1.483468 1 -0.1483468
-0.322164 500.3464 -0.05965911 1 -0.005965911
-0.2532569 500.3446 0 1 0
-0.2162412 500.3484 0 1 0
-0.1711302 500.3521 0 1 0
-0.1466854 500.3538 0 1 0
-0.1166842 500.3556 0 1 0
-0.1003131 500.3564 0 1 0
-0.08009845 500.3572 0 1 0
-0.06900766 500.3575 0 1 0
-0.05525203 500.358 0 1 0
-0.04767499 500.3581 0 1 0
-0.03824674 500.3584 0 1 0
