1 5 1 1 1 2 1 3 1 1 1 0 0.958924 0.0415237
1 5 4 4 5 7 10 3 2 1 1 0 0.0234706 0.976308
1 3 1 1 1 2 2 3 1 1 1 0 0.976238 0.0240696
1 6 8 8 1 3 4 3 7 1 1 0 0.0293917 0.970367
1 4 1 1 3 2 1 3 1 1 1 0 0.945958 0.0545682
1 8 10 10 8 7 10 9 7 1 0 1 0.00503178 0.994895
1 1 1 1 1 2 10 3 1 1 1 0 0.483321 0.516831
1 2 1 2 1 2 1 3 1 1 1 0 0.989296 0.0108778
1 2 1 1 1 2 1 1 1 5 1 0 0.989342 0.0108295
1 4 2 1 1 2 1 2 1 1 1 0 0.973859 0.0264706
1 1 1 1 1 1 1 3 1 1 1 0 0.997188 0.00287309
1 2 1 1 1 2 1 2 1 1 1 0 0.995225 0.00486684
1 5 3 3 3 2 3 4 4 1 0 1 0.24292 0.756738
1 1 1 1 1 2 3 3 1 1 1 0 0.98664 0.0135619
1 8 7 5 10 7 9 5 5 4 0 1 0.00718838 0.992716
1 7 4 6 4 6 1 4 3 1 0 1 0.0821984 0.917409
1 4 1 1 1 2 1 2 1 1 1 0 0.982613 0.0176337
1 4 1 1 1 2 1 3 1 1 1 0 0.977865 0.0224296
1 10 7 7 6 4 10 4 1 2 0 1 0.00791274 0.991985
1 6 1 1 1 2 1 3 1 1 1 0 0.926379 0.0742532
1 7 3 2 10 5 10 5 4 4 0 1 0.011619 0.988243
1 10 5 5 3 6 7 7 10 1 0 1 0.010986 0.988885
1 3 1 1 1 2 1 2 1 1 1 0 0.990865 0.00928806
1 8 4 5 1 2 0 7 3 1 0 1 0.174074 0.825553
1 1 1 1 1 2 1 3 1 1 1 0 0.996806 0.00326116
1 5 2 3 4 2 7 3 6 1 0 1 0.0656712 0.933932
1 3 2 1 1 1 1 2 1 1 1 0 0.987821 0.0123693
1 5 1 1 1 2 1 2 1 1 1 0 0.96746 0.0329219
1 2 1 1 1 2 1 2 1 1 1 0 0.995225 0.00486684
1 1 1 3 1 2 1 1 1 1 1 0 0.994032 0.006078
1 3 1 1 1 1 1 2 1 1 1 0 0.991971 0.00816755
1 2 1 1 1 2 1 3 1 1 1 0 0.993898 0.00621407
1 10 7 7 3 8 5 7 4 3 0 1 0.0112836 0.988588
1 2 1 1 2 2 1 3 1 1 1 0 0.990216 0.00994488
1 3 1 2 1 2 1 2 1 1 1 0 0.984009 0.0162239
1 2 1 1 1 2 1 2 1 1 1 0 0.995225 0.00486684
1 10 10 10 8 6 1 8 9 1 0 1 0.00805743 0.991843
1 6 2 1 1 1 1 7 1 1 1 0 0.803639 0.197291
1 5 4 4 9 2 10 5 6 1 0 1 0.0134866 0.986361
1 2 5 3 3 6 7 7 5 1 0 1 0.0670679 0.932546
1 6 6 6 9 6 0 7 8 1 1 0 0.0269351 0.972838
1 10 4 3 1 3 3 6 5 2 0 1 0.0527607 0.946904
1 6 10 10 2 8 10 7 3 3 0 1 0.00771063 0.992191
1 5 6 5 6 10 1 3 1 1 0 1 0.101772 0.897807
1 10 10 10 4 8 1 8 10 1 0 1 0.00956886 0.990318
1 1 1 1 1 2 1 2 1 2 1 0 0.99674 0.00332846
1 3 7 7 4 4 9 4 8 1 0 1 0.016029 0.983803
1 1 1 1 1 2 1 2 1 1 1 0 0.997492 0.00256329
1 4 1 1 3 2 1 3 1 1 1 0 0.945958 0.0545682
1 7 8 7 2 4 8 3 8 2 0 1 0.0124203 0.98744
1 9 5 8 1 2 3 2 1 5 0 1 0.037014 0.962714
1 5 3 3 4 2 4 3 4 1 0 1 0.160256 0.839279
1 10 3 6 2 3 5 4 10 2 0 1 0.0185881 0.981228
1 5 5 5 8 10 8 7 3 7 0 1 0.0109426 0.988929
1 10 5 5 6 8 8 7 1 1 0 1 0.0108476 0.989025
1 10 6 6 3 4 5 3 6 1 0 1 0.0173047 0.98252
1 8 10 10 1 3 6 3 9 1 0 1 0.0108946 0.98898
1 8 2 4 1 5 1 5 4 4 0 1 0.151072 0.848514
1 5 2 3 1 6 10 5 1 1 0 1 0.0587801 0.940845
1 9 5 5 2 2 2 5 1 1 0 1 0.0772772 0.922336
1 5 3 5 5 3 3 4 10 1 0 1 0.0567714 0.942874
1 1 1 1 1 2 2 2 1 1 1 0 0.994888 0.00520854
1 9 10 10 1 10 8 3 3 1 0 1 0.00908219 0.990807
1 6 3 4 1 5 2 3 9 1 0 1 0.165944 0.833625
1 1 1 1 1 2 1 2 1 1 1 0 0.997492 0.00256329
1 10 4 2 1 3 2 4 3 10 0 1 0.0584403 0.941214
1 4 1 1 1 2 1 3 1 1 1 0 0.977865 0.0224296
1 5 3 4 1 8 10 4 9 1 0 1 0.02482 0.974952
1 8 3 8 3 4 9 8 9 8 0 1 0.00778388 0.992117
1 1 1 1 1 2 1 3 2 1 1 0 0.995824 0.00425968
1 5 1 3 1 2 1 2 1 1 1 0 0.909877 0.0908249
1 6 10 2 8 10 2 7 8 10 0 1 0.0142604 0.985589
1 1 3 3 2 2 1 7 2 1 1 0 0.896054 0.104721
1 9 4 5 10 6 10 4 8 1 0 1 0.0074714 0.992429
1 10 6 4 1 3 4 3 2 3 0 1 0.0402947 0.959412
1 1 1 2 1 2 2 4 2 1 1 0 0.980963 0.0193021
1 1 1 4 1 2 1 2 1 1 1 0 0.986673 0.0135317
1 5 3 1 2 2 1 2 1 1 1 0 0.895279 0.105463
1 3 1 1 1 2 3 3 1 1 1 0 0.952954 0.0475265
1 2 1 1 1 3 1 2 1 1 1 0 0.994581 0.00552063
1 2 2 2 1 1 1 7 1 1 1 0 0.963946 0.036475
1 4 1 1 2 2 1 2 1 1 1 0 0.972426 0.0279146
1 5 2 1 1 2 1 3 1 1 1 0 0.939723 0.0608425
1 3 1 1 1 2 2 7 1 1 1 0 0.941734 0.0588302
1 3 5 7 8 8 9 7 10 7 0 1 0.00844697 0.991447
1 5 10 6 1 10 4 4 10 10 0 1 0.0153977 0.984446
1 3 3 6 4 5 8 4 4 1 0 1 0.0391541 0.960549
1 3 6 6 6 5 10 6 8 3 0 1 0.0116405 0.988225
1 4 1 1 1 2 1 3 1 1 1 0 0.977865 0.0224296
1 2 1 1 2 3 1 2 1 1 1 0 0.991314 0.00883249
1 1 1 1 1 2 1 3 1 1 1 0 0.996806 0.00326116
1 3 1 1 2 2 1 1 1 1 1 0 0.988574 0.0116059
1 4 1 1 1 2 1 3 1 1 1 0 0.977865 0.0224296
1 1 1 1 1 2 1 2 1 1 1 0 0.997492 0.00256329
1 2 1 1 1 2 1 3 1 1 1 0 0.993898 0.00621407
1 1 1 1 1 2 1 3 1 1 1 0 0.996806 0.00326116
1 2 1 1 2 2 1 1 1 1 1 0 0.994026 0.00608362
1 5 1 1 1 2 1 3 1 1 1 0 0.958924 0.0415237
1 9 6 9 2 10 6 2 9 10 0 1 0.0084793 0.991417
1 7 5 6 10 5 10 7 9 4 0 1 0.00650181 0.993409
1 10 3 5 1 10 5 3 10 2 0 1 0.0212534 0.978546
1 2 3 4 4 2 5 2 5 1 0 1 0.216823 0.782755
1 4 1 2 1 2 1 3 1 1 1 0 0.961976 0.0384512
1 8 2 3 1 6 3 7 1 1 0 1 0.159715 0.839865
1 10 10 10 10 10 1 8 8 8 0 1 0.00605495 0.993864
1 7 3 4 4 3 3 3 2 7 0 1 0.0640078 0.935626
1 10 10 10 8 2 10 4 1 1 0 1 0.005905 0.994013
1 1 6 8 10 8 10 5 7 1 0 1 0.010532 0.989342
1 1 1 1 1 2 1 2 3 1 1 0 0.995726 0.00435836
1 6 5 4 4 3 9 7 8 3 0 1 0.013985 0.985861
1 1 3 1 2 2 2 5 3 2 1 0 0.921758 0.0788955
1 8 6 4 3 5 9 3 1 1 0 1 0.0202288 0.979573
1 10 3 3 10 2 10 7 3 3 0 1 0.0087013 0.991188
1 10 10 10 3 10 8 8 1 1 0 1 0.00698039 0.992928
1 3 3 2 1 2 3 3 1 1 1 0 0.846263 0.154581
1 1 1 1 1 2 5 1 1 1 1 0 0.96678 0.0335951
1 8 3 3 1 2 2 3 2 1 1 0 0.305707 0.694105
1 4 5 5 10 4 10 7 5 8 0 1 0.00862539 0.991266
1 1 1 1 1 4 3 1 1 1 1 0 0.989502 0.0106649
1 3 2 1 1 2 2 3 1 1 1 0 0.964499 0.0359051
1 1 1 2 2 2 1 3 1 1 1 0 0.99105 0.00910127
1 4 2 1 1 2 2 3 1 1 1 0 0.935452 0.0651312
1 10 10 10 2 10 10 5 3 3 0 1 0.00614525 0.993771
1 5 3 5 1 8 10 5 3 1 0 1 0.029297 0.970453
1 5 4 6 7 9 7 8 10 1 0 1 0.0124708 0.987388
1 1 1 1 1 2 1 2 1 1 1 0 0.997492 0.00256329
1 7 5 3 7 4 10 7 5 5 0 1 0.0100289 0.989849
1 3 1 1 1 2 1 3 1 1 1 0 0.988324 0.0118603
1 8 3 5 4 5 10 1 6 2 0 1 0.0147055 0.985134
1 1 1 1 1 10 1 1 1 1 1 0 0.994938 0.00515842
1 5 1 3 1 2 1 2 1 1 1 0 0.909877 0.0908249
1 2 1 1 1 2 1 3 1 1 1 0 0.993898 0.00621407
1 5 10 8 10 8 10 3 6 3 0 1 0.0065385 0.993373
1 3 1 1 1 2 1 2 2 1 1 0 0.988031 0.0121567
1 3 1 1 1 3 1 2 1 1 1 0 0.989633 0.0105347
1 5 1 1 1 2 2 3 3 1 1 0 0.876456 0.124335
1 4 1 1 1 2 1 2 1 1 1 0 0.982613 0.0176337
1 3 1 1 1 2 1 1 1 1 1 0 0.992872 0.00725347
1 4 1 2 1 2 1 2 1 1 1 0 0.969919 0.0304447
1 1 1 1 1 1 0 2 1 1 1 0 0.998892 0.00113651
1 3 1 1 1 2 1 1 1 1 1 0 0.992872 0.00725347
1 2 1 1 1 2 1 1 1 1 1 0 0.996268 0.00380735
1 9 5 5 4 4 5 4 3 3 0 1 0.0216849 0.978112
1 1 1 1 1 2 5 1 1 1 1 0 0.96678 0.0335951
1 2 1 1 1 2 1 2 1 1 1 0 0.995225 0.00486684
1 1 1 3 1 2 0 2 1 1 1 0 0.996275 0.00380133
1 3 4 5 2 6 8 4 1 1 0 1 0.0706918 0.928911
1 1 1 1 1 3 2 2 1 1 1 0 0.994198 0.00590876
1 3 1 1 3 8 1 5 8 1 1 0 0.690746 0.310068
1 8 8 7 4 10 10 7 8 7 0 1 0.00606763 0.993849
1 1 1 1 1 1 1 3 1 1 1 0 0.997188 0.00287309
1 7 2 4 1 6 10 5 4 3 0 1 0.0230049 0.97678
1 10 10 8 6 4 5 8 10 1 0 1 0.00714416 0.992763
1 4 1 1 1 2 3 1 1 1 1 0 0.945852 0.0546649
1 1 1 1 1 2 1 1 1 1 1 0 0.99803 0.00201545
1 5 5 5 6 3 10 3 1 1 0 1 0.0200565 0.979744
1 1 2 2 1 2 1 2 1 1 1 0 0.993371 0.00674861
1 2 1 1 1 2 1 3 1 1 1 0 0.993898 0.00621407
1 1 1 2 1 3 0 1 1 1 1 0 0.998089 0.00195549
1 9 9 10 3 6 10 7 10 6 0 1 0.00518444 0.994742
1 10 7 7 4 5 10 5 7 2 0 1 0.00707162 0.992834
1 4 1 1 1 2 1 3 2 1 1 0 0.971224 0.0291292
1 3 1 1 1 2 1 3 1 1 1 0 0.988324 0.0118603
1 1 1 1 2 1 3 1 1 7 1 0 0.948474 0.0520268
1 5 1 1 1 2 0 3 1 1 1 0 0.979492 0.0207887
1 4 1 1 1 2 2 3 2 1 1 0 0.943439 0.0571016
1 5 6 7 8 8 10 3 10 3 0 1 0.0080369 0.991859
1 10 8 10 10 6 1 3 1 10 0 1 0.00882 0.991074
1 3 1 1 1 2 1 3 1 1 1 0 0.988324 0.0118603
1 1 1 1 2 1 1 1 1 1 1 0 0.997244 0.00281524
1 3 1 1 1 2 1 1 1 1 1 0 0.992872 0.00725347
1 1 1 1 1 2 1 3 1 1 1 0 0.996806 0.00326116
1 1 1 1 1 2 1 2 1 1 1 0 0.997492 0.00256329
1 6 10 10 10 8 10 10 10 7 0 1 0.00440198 0.995532
1 8 6 5 4 3 10 6 1 1 0 1 0.0131312 0.986721
1 5 8 7 7 10 10 5 7 1 0 1 0.00826869 0.991626
1 2 1 1 1 2 1 3 1 1 1 0 0.993898 0.00621407
1 5 10 10 3 8 1 5 10 3 0 1 0.0180797 0.981748
1 4 1 1 1 2 1 3 1 1 1 0 0.977865 0.0224296
1 5 3 3 3 6 10 3 1 1 0 1 0.0439339 0.955741
1 1 1 1 1 1 1 3 1 1 1 0 0.997188 0.00287309
1 1 1 1 1 2 1 1 1 1 1 0 0.99803 0.00201545
1 6 1 1 1 2 1 3 1 1 1 0 0.926379 0.0742532
1 5 8 8 8 5 10 7 8 1 0 1 0.00720866 0.992696
1 8 7 6 4 4 10 5 1 1 0 1 0.011476 0.98839
1 2 1 1 1 1 1 3 1 1 1 0 0.994636 0.00546512
1 1 5 8 6 5 8 7 10 1 0 1 0.0165174 0.983312
1 10 5 6 10 6 10 7 7 10 0 1 0.00503389 0.994893
1 5 8 4 10 5 8 9 10 1 0 1 0.00898415 0.990903
1 1 2 3 1 2 1 3 1 1 1 0 0.985205 0.0150166
1 10 10 10 8 6 8 7 10 1 0 1 0.00504368 0.994884
1 7 5 10 10 10 10 4 10 3 0 1 0.00559719 0.994324
1 5 1 1 1 2 1 2 1 1 1 0 0.96746 0.0329219
1 1 1 1 1 2 1 3 1 1 1 0 0.996806 0.00326116
1 3 1 1 1 2 1 3 1 1 1 0 0.988324 0.0118603
1 4 1 1 1 2 1 3 1 1 1 0 0.977865 0.0224296
1 8 4 4 5 4 7 7 8 2 1 0 0.0144916 0.985351
1 5 1 1 4 2 1 3 1 1 1 0 0.861332 0.139489
1 1 1 1 1 2 1 1 1 1 1 0 0.99803 0.00201545
1 3 1 1 1 2 1 2 1 1 1 0 0.990865 0.00928806
1 9 7 7 5 5 10 7 8 3 0 1 0.00651534 0.993396
1 10 8 8 4 10 10 8 1 1 0 1 0.00691077 0.992998
1 1 1 1 1 2 1 3 1 1 1 0 0.996806 0.00326116
1 5 1 1 1 2 1 3 1 1 1 0 0.958924 0.0415237
1 1 1 1 1 2 1 3 1 1 1 0 0.996806 0.00326116
1 5 10 10 9 6 10 7 10 5 0 1 0.00515683 0.994769
1 10 10 9 3 7 5 3 5 1 0 1 0.0101313 0.98975
1 1 1 1 1 1 1 3 1 1 1 0 0.997188 0.00287309
1 1 1 1 1 1 1 3 1 1 1 0 0.997188 0.00287309
1 5 1 1 1 1 1 3 1 1 1 0 0.963635 0.0367783
1 8 10 10 10 5 10 8 10 6 0 1 0.00430844 0.995627
1 8 10 8 8 4 8 7 7 1 0 1 0.00653989 0.993372
1 1 1 1 1 2 1 3 1 1 1 0 0.996806 0.00326116
1 10 10 10 10 7 10 7 10 4 0 1 0.00414174 0.995795
1 10 10 10 10 3 10 10 6 1 0 1 0.00452319 0.995409
1 8 7 8 7 5 5 5 10 2 0 1 0.00926907 0.990618
1 1 1 1 1 2 1 2 1 1 1 0 0.997492 0.00256329
1 1 1 1 1 2 1 3 1 1 1 0 0.996806 0.00326116
1 6 10 7 7 6 4 8 10 2 0 1 0.0101723 0.989708
1 6 1 3 1 2 1 3 1 1 1 0 0.818829 0.182068
1 1 1 1 2 2 1 3 1 1 1 0 0.994896 0.00520188
1 10 6 4 3 10 10 9 10 1 0 1 0.0077139 0.992185
1 4 1 1 3 1 5 2 1 1 0 1 0.658195 0.342467
1 7 5 6 3 3 8 7 4 1 0 1 0.016672 0.983157
1 10 5 5 6 3 10 7 9 2 0 1 0.00728833 0.992615
1 1 1 1 1 2 1 2 1 1 1 0 0.997492 0.00256329
1 10 5 7 4 4 10 8 9 1 0 1 0.00710573 0.9928
1 8 9 9 5 3 5 7 7 1 0 1 0.00967334 0.990211
1 1 1 1 1 1 1 3 1 1 1 0 0.997188 0.00287309
1 10 10 10 3 10 10 9 10 1 0 1 0.00506211 0.994865
1 7 4 7 4 3 7 7 6 1 0 1 0.0154071 0.984431
1 6 8 7 5 6 8 8 9 2 0 1 0.00880344 0.991087
1 8 4 6 3 3 1 4 3 1 1 0 0.0876611 0.911938
1 10 4 5 5 5 10 4 1 1 0 1 0.0117264 0.988137
1 3 3 2 1 3 1 3 6 1 1 0 0.846786 0.154072
1 3 1 4 1 2 0 3 1 1 1 0 0.970151 0.0302174
1 10 8 8 2 8 10 4 8 10 0 1 0.00572052 0.9942
1 9 8 8 5 6 2 4 10 4 0 1 0.0118421 0.988026
1 8 10 10 8 6 9 3 10 10 0 1 0.0047799 0.995151
1 10 4 3 2 3 10 5 3 2 0 1 0.0157405 0.984091
1 5 1 3 3 2 2 2 3 1 1 0 0.605006 0.395608
1 3 1 1 3 1 1 3 1 1 1 0 0.974 0.0263276
1 2 1 1 1 2 1 3 1 1 1 0 0.993898 0.00621407
1 1 1 1 1 2 5 5 1 1 1 0 0.919402 0.0812464
1 1 1 1 1 2 1 3 1 1 1 0 0.996806 0.00326116
1 5 1 1 2 2 2 3 1 1 1 0 0.882754 0.11802
1 8 10 10 8 5 10 7 8 1 0 1 0.00519027 0.994735
1 8 4 4 1 2 9 3 3 1 0 1 0.0297669 0.969978
1 4 1 1 1 2 1 3 6 1 1 0 0.924337 0.0763019
1 3 1 1 1 2 0 3 1 1 1 0 0.994324 0.0057826
1 1 2 2 1 2 1 1 1 1 1 0 0.994824 0.00527417
1 10 4 4 10 2 10 5 3 3 0 1 0.00817902 0.991715
1 6 3 3 5 3 10 3 5 3 1 0 0.0205001 0.979297
1 6 10 10 2 8 10 7 3 3 0 1 0.00771063 0.992191
1 9 10 10 1 10 8 3 3 1 0 1 0.00908219 0.990807
1 5 6 6 2 4 10 3 6 1 0 1 0.0179268 0.981891
1 3 1 1 1 2 1 1 1 1 1 0 0.992872 0.00725347
1 3 1 1 1 2 1 2 1 1 1 0 0.990865 0.00928806
1 3 1 1 1 2 1 3 1 1 1 0 0.988324 0.0118603
1 5 7 7 1 5 8 3 4 1 1 0 0.0240873 0.975695
1 10 5 8 10 3 10 5 1 3 0 1 0.00649608 0.993416
1 5 10 10 6 10 10 10 6 5 0 1 0.0056372 0.994284
1 8 8 9 4 5 10 7 8 1 0 1 0.00668839 0.993222
1 10 4 4 10 6 10 5 5 1 0 1 0.00778991 0.992108
1 7 9 4 10 10 3 5 3 3 0 1 0.0153334 0.984506
1 5 1 4 1 2 1 3 2 1 1 0 0.793753 0.207161
1 10 10 6 3 3 10 4 3 2 0 1 0.00828976 0.991605
1 3 3 5 2 3 10 7 1 1 0 1 0.0450793 0.954599
1 10 8 8 2 3 4 8 7 8 0 1 0.00921162 0.990678
1 1 1 1 1 2 1 3 1 1 1 0 0.996806 0.00326116
1 8 4 7 1 3 10 3 9 2 0 1 0.0122326 0.987628
1 5 1 1 1 2 1 3 1 1 1 0 0.958924 0.0415237
1 3 3 5 2 3 10 7 1 1 0 1 0.0450793 0.954599
1 7 2 4 1 3 4 3 3 1 0 1 0.168422 0.831134
1 3 1 1 1 2 1 3 2 1 1 0 0.984723 0.0155025
1 3 1 3 1 2 0 2 1 1 1 0 0.986392 0.013816
1 3 1 1 1 2 1 2 1 1 1 0 0.990865 0.00928806
1 1 1 1 1 2 1 2 1 1 1 0 0.997492 0.00256329
1 1 1 1 1 2 1 3 1 1 1 0 0.996806 0.00326116
1 10 5 7 3 3 7 3 3 8 0 1 0.0110307 0.988842
1 3 1 1 1 2 1 3 1 1 1 0 0.988324 0.0118603
1 2 1 1 2 2 1 3 1 1 1 0 0.990216 0.00994488
1 1 4 3 10 4 10 5 6 1 0 1 0.022775 0.977005
1 10 4 6 1 2 10 5 3 1 0 1 0.0136663 0.986182
1 7 4 5 10 2 10 3 8 2 0 1 0.00918193 0.990702
1 8 10 10 10 8 10 10 7 3 0 1 0.00449865 0.995434
1 10 10 10 10 10 10 4 10 10 0 1 0.00394256 0.995997
1 3 1 1 1 3 1 2 1 1 1 0 0.989633 0.0105347
1 6 1 3 1 4 5 5 10 1 0 1 0.0936306 0.905933
1 5 6 6 8 6 10 4 10 4 0 1 0.00821329 0.991681
1 1 1 1 1 2 1 1 1 1 1 0 0.99803 0.00201545
1 1 1 1 1 2 1 3 1 1 1 0 0.996806 0.00326116
1 8 8 8 1 2 0 6 10 1 0 1 0.0327372 0.967013
1 10 4 4 6 2 10 2 3 1 0 1 0.0126298 0.987225
1 1 1 1 1 2 0 2 1 1 1 0 0.998748 0.00128316
1 5 5 7 8 6 10 7 4 1 0 1 0.00977389 0.990107
1 5 3 4 3 4 5 4 7 1 1 0 0.0700003 0.929606
1 5 4 3 1 2 0 2 3 1 1 0 0.797413 0.203499
1 8 2 1 1 5 1 1 1 1 1 0 0.757503 0.243367
1 9 1 2 6 4 10 7 7 2 0 1 0.0131407 0.986709
1 8 4 10 5 4 4 7 10 1 0 1 0.0118107 0.988056
1 1 1 1 1 2 1 3 1 1 1 0 0.996806 0.00326116
1 10 10 10 7 9 10 7 10 10 0 1 0.00404942 0.995889
1 1 1 1 1 2 1 3 1 1 1 0 0.996806 0.00326116
1 8 3 4 9 3 10 3 3 1 0 1 0.012561 0.987294
1 10 8 4 4 4 10 3 10 4 0 1 0.00762961 0.99227
1 1 1 1 1 2 1 3 1 1 1 0 0.996806 0.00326116
1 1 1 1 1 2 1 3 1 1 1 0 0.996806 0.00326116
1 7 8 7 6 4 3 8 8 4 0 1 0.0124352 0.987428
1 3 1 1 1 2 5 5 1 1 1 0 0.779243 0.22162
1 2 1 1 1 3 1 2 1 1 1 0 0.994581 0.00552063
1 1 1 1 1 2 1 1 1 1 1 0 0.99803 0.00201545
1 8 6 4 10 10 1 3 5 1 0 1 0.0267494 0.973019
1 1 1 1 1 2 1 1 1 1 1 0 0.99803 0.00201545
1 1 1 1 1 1 1 2 1 1 1 0 0.997789 0.00226058
1 4 6 5 6 7 0 4 9 1 1 0 0.0819205 0.917684
1 5 5 5 2 5 10 4 3 1 0 1 0.0242172 0.97556
1 6 8 7 8 6 8 8 9 1 0 1 0.00779262 0.992107
1 1 1 1 1 5 1 3 1 1 1 0 0.995369 0.00472146
1 4 4 4 4 6 5 7 3 1 1 0 0.0664252 0.933198
1 7 6 3 2 5 10 7 4 6 0 1 0.0132643 0.986588
1 3 1 1 1 2 0 3 1 1 1 0 0.994324 0.0057826
1 3 1 1 1 2 1 3 1 1 1 0 0.988324 0.0118603
1 5 4 6 10 2 10 4 1 1 0 1 0.0135565 0.986291
1 1 1 1 1 2 1 3 1 1 1 0 0.996806 0.00326116
1 3 2 2 1 2 1 2 3 1 1 0 0.959716 0.0407242
1 10 1 1 1 2 10 5 4 1 0 1 0.031939 0.96779
1 1 1 1 1 2 1 2 1 1 1 0 0.997492 0.00256329
1 8 10 3 2 6 4 3 10 1 0 1 0.0243122 0.97547
1 10 4 6 4 5 10 7 1 1 0 1 0.0103552 0.989521
1 10 4 7 2 2 8 6 1 1 0 1 0.0154364 0.984401
1 5 1 1 1 2 1 3 1 2 1 0 0.94736 0.0531624
1 5 2 2 2 2 1 2 2 1 1 0 0.853698 0.147141
1 5 4 6 6 4 10 4 3 1 0 1 0.0160554 0.983774
1 8 6 7 3 3 10 3 4 2 0 1 0.0111889 0.98868
1 1 1 1 1 2 1 1 1 1 1 0 0.99803 0.00201545
1 6 5 5 8 4 10 3 4 1 0 1 0.0124945 0.987362
1 1 1 1 1 2 1 3 1 1 1 0 0.996806 0.00326116
1 1 1 1 1 1 1 2 1 1 1 0 0.997789 0.00226058
1 8 5 5 5 2 10 4 3 1 0 1 0.0131396 0.986712
1 10 3 3 1 2 10 7 6 1 0 1 0.0159855 0.983844
1 1 1 1 1 2 1 3 1 1 1 0 0.996806 0.00326116
1 2 1 1 1 2 1 1 1 1 1 0 0.996268 0.00380735
1 1 1 1 1 2 1 1 1 1 1 0 0.99803 0.00201545
1 7 6 4 8 10 10 9 5 3 0 1 0.0079079 0.991989
1 1 1 1 1 2 1 1 1 1 1 0 0.99803 0.00201545
1 5 2 2 2 3 1 1 3 1 1 0 0.837363 0.16349
1 1 1 1 1 1 1 1 3 1 1 0 0.997054 0.00300904
1 3 4 4 10 5 1 3 3 1 0 1 0.14427 0.855272
1 4 2 3 5 3 8 7 6 1 0 1 0.0390797 0.96062
0 5 1 1 3 2 1 1 1 1 1 0 0.938161 0.0624012
0 2 1 1 1 2 1 3 1 1 1 0 0.993898 0.00621407
0 3 4 5 3 7 3 4 6 1 1 0 0.138545 0.861014
0 2 7 10 10 7 10 4 9 4 0 1 0.0072161 0.992689
0 1 1 1 1 2 1 2 1 1 1 0 0.997492 0.00256329
0 4 1 1 1 3 1 2 2 1 1 0 0.974371 0.0259537
0 5 3 3 1 3 3 3 3 3 0 1 0.342315 0.657586
0 8 10 10 7 10 10 7 3 8 0 1 0.00493218 0.994997
0 8 10 5 3 8 4 4 10 3 0 1 0.0141518 0.985698
0 10 3 5 4 3 7 3 5 3 0 1 0.0161287 0.983703
0 6 10 10 10 10 10 8 10 10 0 1 0.00429975 0.995636
0 3 10 3 10 6 10 5 1 4 0 1 0.0117972 0.988065
0 3 2 2 1 4 3 2 1 1 1 0 0.888741 0.112012
0 4 4 4 2 2 3 2 1 1 1 0 0.448072 0.55212
0 2 1 1 1 2 1 3 1 1 1 0 0.993898 0.00621407
0 2 1 1 1 2 1 2 1 1 1 0 0.995225 0.00486684
0 6 10 10 10 8 10 7 10 7 0 1 0.00457727 0.995355
0 5 8 8 10 5 10 8 10 3 0 1 0.00593037 0.993987
0 1 1 3 1 2 1 1 1 1 1 0 0.994032 0.006078
0 1 1 3 1 1 1 2 1 1 1 0 0.993279 0.00684201
0 4 3 2 1 3 1 2 1 1 1 0 0.92725 0.0733777
0 1 1 3 1 2 1 1 1 1 1 0 0.994032 0.006078
0 4 1 2 1 2 1 2 1 1 1 0 0.969919 0.0304447
0 5 1 1 2 2 1 2 1 1 1 0 0.949342 0.0511632
0 3 1 2 1 2 1 2 1 1 1 0 0.984009 0.0162239
0 1 1 1 1 2 1 1 1 1 1 0 0.99803 0.00201545
0 1 1 1 1 2 1 2 1 1 1 0 0.997492 0.00256329
0 1 1 1 1 1 1 2 1 1 1 0 0.997789 0.00226058
0 3 1 1 4 3 1 2 2 1 1 0 0.947502 0.0530107
0 5 3 4 1 4 1 3 1 1 1 0 0.663633 0.337168
0 1 1 1 1 2 1 1 1 1 1 0 0.99803 0.00201545
0 10 6 3 6 4 10 7 8 4 0 1 0.00749674 0.992404
0 3 2 2 2 2 1 3 2 1 1 0 0.939019 0.0615502
0 2 1 1 1 2 1 1 1 1 1 0 0.996268 0.00380735
0 2 1 1 1 2 1 1 1 1 1 0 0.996268 0.00380735
0 3 3 2 2 3 1 1 2 3 1 0 0.899606 0.101122
0 7 6 6 3 2 10 7 1 1 0 1 0.0142614 0.985583
0 5 3 3 2 3 1 3 1 1 1 0 0.699439 0.301403
0 2 1 1 1 2 1 2 2 1 1 0 0.993743 0.0063709
0 5 1 1 1 3 2 2 2 1 1 0 0.91024 0.0904473
0 1 1 1 2 2 1 2 1 1 1 0 0.996002 0.00407796
0 10 8 7 4 3 10 7 9 1 0 1 0.00656352 0.993347
0 3 1 1 1 2 1 2 1 1 1 0 0.990865 0.00928806
0 1 1 1 1 1 1 1 1 1 1 0 0.998261 0.00177973
0 1 2 3 1 2 1 2 1 1 1 0 0.988406 0.0117776
0 3 1 1 1 2 1 2 1 1 1 0 0.990865 0.00928806
0 3 1 1 1 2 1 3 1 1 1 0 0.988324 0.0118603
0 4 1 1 1 2 1 1 1 1 1 0 0.986405 0.0137999
0 3 2 1 1 2 1 2 2 1 1 0 0.981906 0.0183473
0 1 2 3 1 2 1 1 1 1 1 0 0.990946 0.00920552
0 3 10 8 7 6 9 9 3 8 0 1 0.00766217 0.99224
0 3 1 1 1 2 1 1 1 1 1 0 0.992872 0.00725347
0 5 3 3 1 2 1 2 1 1 1 0 0.82635 0.174534
0 3 1 1 1 2 4 1 1 1 1 0 0.942436 0.058095
0 1 2 1 3 2 1 1 2 1 1 0 0.990091 0.0100704
0 1 1 1 1 2 1 2 1 1 1 0 0.997492 0.00256329
0 4 2 2 1 2 1 2 1 1 1 0 0.955372 0.0450985
0 1 1 1 1 2 1 2 1 1 1 0 0.997492 0.00256329
0 2 3 2 2 2 2 3 1 1 1 0 0.926224 0.0744042
0 3 1 2 1 2 1 2 1 1 1 0 0.984009 0.0162239
0 1 1 1 1 2 1 2 1 1 1 0 0.997492 0.00256329
0 1 1 1 1 1 0 2 1 1 1 0 0.998892 0.00113651
0 10 10 10 6 8 4 8 5 1 0 1 0.00745563 0.992449
0 5 1 2 1 2 1 3 1 1 1 0 0.931324 0.0692871
0 8 5 6 2 3 10 6 6 1 0 1 0.0120184 0.987844
0 3 3 2 6 3 3 3 5 1 1 0 0.283954 0.715752
0 8 7 8 5 10 10 7 2 1 0 1 0.00781937 0.99208
0 1 1 1 1 2 1 2 1 1 1 0 0.997492 0.00256329
0 5 2 2 2 2 2 3 2 2 1 0 0.670625 0.330144
0 2 3 1 1 5 1 1 1 1 1 0 0.987602 0.0125899
0 3 2 2 3 2 3 3 1 1 1 0 0.776522 0.224343
0 10 10 10 7 10 10 8 2 1 0 1 0.00517019 0.994756
0 4 3 3 1 2 1 3 3 1 1 0 0.808229 0.192674
0 5 1 3 1 2 1 2 1 1 1 0 0.909877 0.0908249
0 3 1 1 1 2 1 1 1 1 1 0 0.992872 0.00725347
0 9 10 10 10 10 10 10 10 1 0 1 0.00429537 0.99564
0 5 3 6 1 2 1 1 1 1 1 0 0.599997 0.400664
0 8 7 8 2 4 2 5 10 1 0 1 0.0218679 0.977933
0 1 1 1 1 2 1 2 1 1 1 0 0.997492 0.00256329
0 2 1 1 1 2 1 2 1 1 1 0 0.995225 0.00486684
0 1 3 1 1 2 1 2 2 1 1 0 0.992501 0.00763018
0 5 1 1 3 4 1 3 2 1 1 0 0.855721 0.145113
0 5 1 1 1 2 1 2 2 1 1 0 0.957975 0.0424767
0 3 2 2 3 2 1 1 1 1 1 0 0.953466 0.0470114
0 6 9 7 5 5 8 4 2 1 1 0 0.0130453 0.98681
0 10 8 10 1 3 10 5 1 1 0 1 0.00846919 0.991425
0 10 10 10 1 6 1 2 8 1 0 1 0.0169756 0.982858
0 4 1 1 1 2 1 1 1 1 1 0 0.986405 0.0137999
0 4 1 3 3 2 1 1 1 1 1 0 0.906218 0.0944861
0 5 1 1 1 2 1 1 1 1 1 0 0.974392 0.0259312
0 10 4 3 10 4 10 10 1 1 0 1 0.00850932 0.991382
0 5 2 2 4 2 4 1 1 1 1 0 0.430046 0.570023
0 1 1 1 3 2 3 1 1 1 1 0 0.979182 0.0210926
0 1 1 1 1 2 2 1 1 1 1 0 0.996005 0.00407452
0 5 1 1 6 3 1 2 1 1 1 0 0.756512 0.244334
0 2 1 1 1 2 1 1 1 1 1 0 0.996268 0.00380735
0 1 1 1 1 2 1 1 1 1 1 0 0.99803 0.00201545
0 5 1 1 1 2 1 1 1 1 1 0 0.974392 0.0259312
0 1 1 1 1 1 1 1 1 1 1 0 0.998261 0.00177973
0 5 7 9 8 6 10 8 10 1 0 1 0.00659022 0.99332
0 4 1 1 3 1 1 2 1 1 1 0 0.961835 0.038587
0 5 1 1 1 2 1 1 1 1 1 0 0.974392 0.0259312
0 3 1 1 3 2 1 1 1 1 1 0 0.981798 0.0184544
0 4 5 5 8 6 10 10 7 1 0 1 0.0103507 0.989524
0 2 3 1 1 3 1 1 1 1 1 0 0.990287 0.00987252
0 10 2 2 1 2 6 1 1 2 0 1 0.0979657 0.901577
0 10 6 5 8 5 10 8 6 1 0 1 0.00674059 0.993168
0 8 8 9 6 6 3 10 10 1 0 1 0.00937256 0.990515
0 5 1 2 1 2 1 1 1 1 1 0 0.956267 0.0441951
0 5 1 3 1 2 1 1 1 1 1 0 0.927383 0.0732416
0 5 1 1 3 2 1 1 1 1 1 0 0.938161 0.0624012
0 3 1 1 1 2 5 1 1 1 1 0 0.893414 0.1073
0 6 1 1 3 2 1 1 1 1 1 0 0.892644 0.108096
0 4 1 1 1 2 1 1 2 1 1 0 0.982229 0.0180207
0 4 1 1 1 2 1 1 1 1 1 0 0.986405 0.0137999
0 10 9 8 7 6 4 7 10 3 0 1 0.00719898 0.992708
0 10 6 6 2 4 10 9 7 1 0 1 0.00823699 0.991658
0 6 6 6 5 4 10 7 6 2 0 1 0.0101108 0.989767
0 4 1 1 1 2 1 1 1 1 1 0 0.986405 0.0137999
0 1 1 2 1 2 1 2 1 1 1 0 0.995629 0.00445716
0 3 1 1 1 1 1 2 1 1 1 0 0.991971 0.00816755
0 6 1 1 3 2 1 1 1 1 1 0 0.892644 0.108096
0 6 1 1 1 1 1 1 1 1 1 0 0.958262 0.0421849
0 4 1 1 1 2 1 1 1 1 1 0 0.986405 0.0137999
0 5 1 1 1 2 1 1 1 1 1 0 0.974392 0.0259312
0 3 1 1 1 2 1 1 1 1 1 0 0.992872 0.00725347
0 4 1 2 1 2 1 1 1 1 1 0 0.976353 0.0239535
0 4 1 1 1 2 1 1 1 1 1 0 0.986405 0.0137999
0 5 2 1 1 2 1 1 1 1 1 0 0.961857 0.0385651
0 4 8 7 10 4 10 7 5 1 0 1 0.00823346 0.991661
0 5 1 1 1 1 1 1 1 1 1 0 0.97741 0.0228863
0 5 3 2 4 2 1 1 1 1 1 0 0.741154 0.259693
0 9 10 10 10 10 5 10 10 10 0 1 0.00460645 0.995326
0 8 7 8 5 5 10 9 10 1 0 1 0.00642594 0.993486
0 5 1 2 1 2 1 1 1 1 1 0 0.956267 0.0441951
0 1 1 1 3 1 3 1 1 1 1 0 0.981651 0.0185998
0 3 1 1 1 1 1 2 1 1 1 0 0.991971 0.00816755
0 10 10 10 10 6 10 8 1 5 0 1 0.00458565 0.995347
0 3 6 4 10 3 3 3 4 1 0 1 0.0594778 0.940155
0 6 3 2 1 3 4 4 1 1 0 1 0.347116 0.652779
0 1 1 1 1 2 1 1 1 1 1 0 0.99803 0.00201545
0 5 8 9 4 3 10 7 1 1 0 1 0.0108677 0.989005
0 4 1 1 1 1 1 2 1 1 1 0 0.984696 0.0155291
0 5 10 10 10 6 10 6 5 2 0 1 0.00593183 0.993986
0 5 1 2 10 4 5 2 1 1 1 0 0.0975241 0.902004
0 3 1 1 1 1 1 2 1 1 1 0 0.991971 0.00816755
0 1 1 1 1 1 1 1 1 1 1 0 0.998261 0.00177973
0 4 2 1 1 2 1 1 1 1 1 0 0.979486 0.0207909
0 4 1 1 1 2 1 2 1 1 1 0 0.982613 0.0176337
0 4 1 1 1 2 1 2 1 1 1 0 0.982613 0.0176337
0 6 1 1 1 2 1 3 1 1 1 0 0.926379 0.0742532
0 4 1 1 1 2 1 2 1 1 1 0 0.982613 0.0176337
0 4 1 1 2 2 1 2 1 1 1 0 0.972426 0.0279146
0 4 1 1 1 2 1 3 1 1 1 0 0.977865 0.0224296
0 1 1 1 1 2 1 1 1 1 1 0 0.99803 0.00201545
0 3 3 1 1 2 1 1 1 1 1 0 0.983678 0.0165564
0 8 10 10 10 7 5 4 8 7 0 1 0.0058986 0.994021
0 1 1 1 1 2 4 1 1 1 1 0 0.983357 0.0168766
0 5 1 1 1 2 1 1 1 1 1 0 0.974392 0.0259312
0 2 1 1 1 2 1 1 1 1 1 0 0.996268 0.00380735
0 1 1 1 1 2 1 1 1 1 1 0 0.99803 0.00201545
0 5 1 1 1 2 1 2 1 1 1 0 0.96746 0.0329219
0 5 1 1 1 2 1 1 1 1 1 0 0.974392 0.0259312
0 3 1 1 1 1 1 2 1 1 1 0 0.991971 0.00816755
0 6 6 7 10 3 10 8 10 2 0 1 0.00657709 0.993333
0 4 10 4 7 3 10 9 10 1 0 1 0.00906798 0.990819
0 1 1 1 1 1 1 1 1 1 1 0 0.998261 0.00177973
0 1 1 1 1 1 1 2 1 1 1 0 0.997789 0.00226058
0 3 1 2 2 2 1 1 1 1 1 0 0.980063 0.0202076
0 4 7 8 3 4 10 9 1 1 0 1 0.0138121 0.986038
0 1 1 1 1 3 1 1 1 1 1 0 0.99777 0.00227994
0 4 1 1 1 3 1 1 1 1 1 0 0.984591 0.0156335
0 10 4 5 4 3 5 7 3 1 0 1 0.0204402 0.979365
0 7 5 6 10 4 10 5 3 1 0 1 0.00895057 0.990937
0 3 1 1 1 2 1 2 1 1 1 0 0.990865 0.00928806
0 3 1 1 2 2 1 1 1 1 1 0 0.988574 0.0116059
0 4 1 1 1 2 1 1 1 1 1 0 0.986405 0.0137999
0 4 1 1 1 2 1 3 1 1 1 0 0.977865 0.0224296
0 6 1 3 2 2 1 1 1 1 1 0 0.82219 0.178684
0 4 1 1 1 1 1 2 1 1 1 0 0.984696 0.0155291
0 7 4 4 3 4 10 6 9 1 0 1 0.0139501 0.985895
0 4 2 2 1 2 1 2 1 1 1 0 0.955372 0.0450985
0 1 1 1 1 1 1 3 1 1 1 0 0.997188 0.00287309
0 3 1 1 1 2 1 2 1 1 1 0 0.990865 0.00928806
0 2 1 1 1 2 1 2 1 1 1 0 0.995225 0.00486684
0 1 1 3 2 2 1 3 1 1 1 0 0.984378 0.0158514
0 5 1 1 1 2 1 3 1 1 1 0 0.958924 0.0415237
0 5 1 2 1 2 1 3 1 1 1 0 0.931324 0.0692871
0 4 1 1 1 2 1 2 1 1 1 0 0.982613 0.0176337
0 6 1 1 1 2 1 2 1 1 1 0 0.940881 0.0596751
0 5 1 1 1 2 2 2 1 1 1 0 0.936511 0.0640627
0 3 1 1 1 2 1 1 1 1 1 0 0.992872 0.00725347
0 5 3 1 1 2 1 1 1 1 1 0 0.944066 0.0564694
0 4 1 1 1 2 1 2 1 1 1 0 0.982613 0.0176337
0 2 1 3 2 2 1 2 1 1 1 0 0.976717 0.0235878
0 5 1 1 1 2 1 2 1 1 1 0 0.96746 0.0329219
0 6 10 10 10 4 10 7 10 1 0 1 0.00527161 0.994653
0 2 1 1 1 1 1 1 1 1 1 0 0.996716 0.00335238
0 3 1 1 1 1 1 1 1 1 1 0 0.993735 0.00637894
0 7 8 3 7 4 5 7 8 2 0 1 0.0150575 0.984782
0 3 1 1 1 2 1 2 1 1 1 0 0.990865 0.00928806
0 1 1 1 1 2 1 3 1 1 1 0 0.996806 0.00326116
0 3 2 2 2 2 1 4 2 1 1 0 0.924382 0.0762637
0 4 4 2 1 2 5 2 1 2 1 0 0.429512 0.570581
0 3 1 1 1 2 1 1 1 1 1 0 0.992872 0.00725347
0 4 3 1 1 2 1 4 8 1 1 0 0.751946 0.248942
0 5 2 2 2 1 1 2 1 1 1 0 0.893472 0.107279
0 5 1 1 3 2 1 1 1 1 1 0 0.938161 0.0624012
0 2 1 1 1 2 1 2 1 1 1 0 0.995225 0.00486684
0 5 1 1 1 2 1 2 1 1 1 0 0.96746 0.0329219
0 5 1 1 1 2 1 3 1 1 1 0 0.958924 0.0415237
0 5 1 1 1 2 1 3 1 1 1 0 0.958924 0.0415237
0 1 1 1 1 2 1 3 1 1 1 0 0.996806 0.00326116
0 3 1 1 1 2 1 2 1 1 1 0 0.990865 0.00928806
0 4 1 1 1 2 1 3 2 1 1 0 0.971224 0.0291292
0 5 7 10 10 5 10 10 10 1 0 1 0.00569371 0.994226
0 3 1 2 1 2 1 3 1 1 1 0 0.979628 0.0206506
0 4 1 1 1 2 3 2 1 1 1 0 0.932234 0.0683558
0 8 4 4 1 6 10 2 5 2 0 1 0.0196487 0.980156
0 10 10 8 10 6 5 10 3 1 0 1 0.00663601 0.993276
0 8 10 4 4 8 10 8 2 1 0 1 0.00936995 0.990515
0 7 6 10 5 3 10 9 10 2 0 1 0.00638971 0.993523
0 3 1 1 1 2 1 2 1 1 1 0 0.990865 0.00928806
0 1 1 1 1 2 1 2 1 1 1 0 0.997492 0.00256329
0 10 9 7 3 4 2 7 7 1 0 1 0.0151575 0.984687
0 5 1 2 1 2 1 3 1 1 1 0 0.931324 0.0692871
0 5 1 1 1 2 1 2 1 1 1 0 0.96746 0.0329219
0 1 1 1 1 2 1 2 1 1 1 0 0.997492 0.00256329
0 1 1 1 1 2 1 2 1 1 1 0 0.997492 0.00256329
0 1 1 1 1 2 1 3 1 1 1 0 0.996806 0.00326116
0 5 1 2 1 2 1 2 1 1 1 0 0.944964 0.0555714
0 5 7 10 6 5 10 7 5 1 0 1 0.00796388 0.991934
0 6 10 5 5 4 10 6 10 1 0 1 0.00854227 0.991349
0 3 1 1 1 2 1 1 1 1 1 0 0.992872 0.00725347
0 5 1 1 6 3 1 1 1 1 1 0 0.793474 0.207376
0 1 1 1 1 2 1 1 1 1 1 0 0.99803 0.00201545
0 8 10 10 10 6 10 10 10 1 0 1 0.00454618 0.995386
0 5 1 1 1 2 1 2 2 1 1 0 0.957975 0.0424767
0 9 8 8 9 6 3 4 1 1 0 1 0.0129091 0.98695
0 5 1 1 1 2 1 1 1 1 1 0 0.974392 0.0259312
0 4 10 8 5 4 1 10 1 1 0 1 0.03561 0.964134
0 2 5 7 6 4 10 7 6 1 0 1 0.0149193 0.98492
0 10 3 4 5 3 10 4 1 1 0 1 0.0144205 0.985421
0 5 1 2 1 2 1 1 1 1 1 0 0.956267 0.0441951
0 4 8 6 3 4 10 7 1 1 0 1 0.0170909 0.982734
0 5 1 1 1 2 1 2 1 1 1 0 0.96746 0.0329219
0 4 1 2 1 2 1 2 1 1 1 0 0.969919 0.0304447
0 5 1 3 1 2 1 3 1 1 1 0 0.889313 0.111462
0 3 1 1 1 2 1 2 1 1 1 0 0.990865 0.00928806
0 5 2 4 1 1 1 1 1 1 1 0 0.854486 0.14636
0 3 1 1 1 2 1 2 1 1 1 0 0.990865 0.00928806
0 1 1 1 1 1 1 2 1 1 1 0 0.997789 0.00226058
0 4 1 1 1 2 1 2 1 1 1 0 0.982613 0.0176337
0 5 4 6 8 4 1 8 10 1 0 1 0.0321792 0.967566
0 5 3 2 8 5 10 8 1 2 0 1 0.0197028 0.9801
0 10 5 10 3 5 8 7 8 3 0 1 0.00711669 0.99279
0 4 1 1 2 2 1 1 1 1 1 0 0.978344 0.0219423
0 1 1 1 1 2 1 1 1 1 1 0 0.99803 0.00201545
0 5 10 10 10 10 10 10 1 1 0 1 0.00600268 0.993915
0 5 1 1 1 2 1 1 1 1 1 0 0.974392 0.0259312
0 10 4 3 10 3 10 7 1 2 0 1 0.00903779 0.990848
0 5 10 10 10 5 2 8 5 1 0 1 0.0114736 0.988398
0 8 10 10 10 6 10 10 10 10 0 1 0.00398125 0.995958
0 2 3 1 1 2 1 2 1 1 1 0 0.989033 0.0111424
0 2 1 1 1 1 1 2 1 1 1 0 0.995801 0.00428209
0 4 1 3 1 2 1 2 1 1 1 0 0.949076 0.0514367
0 3 1 1 1 2 1 2 1 1 1 0 0.990865 0.00928806
0 1 1 1 1 1 0 1 1 1 1 0 0.99912 0.000902934
0 4 1 1 1 2 1 2 1 1 1 0 0.982613 0.0176337
0 5 1 1 1 2 1 2 1 1 1 0 0.96746 0.0329219
0 3 1 1 1 2 1 2 1 1 1 0 0.990865 0.00928806
0 6 3 3 3 3 2 6 1 1 1 0 0.274566 0.725193
0 7 1 2 3 2 1 2 1 1 1 0 0.702037 0.298778
0 1 1 1 1 2 1 1 1 1 1 0 0.99803 0.00201545
0 5 1 1 2 1 1 2 1 1 1 0 0.955038 0.0454313
0 3 1 3 1 3 4 1 1 1 1 0 0.837629 0.163204
0 4 6 6 5 7 6 7 7 3 0 1 0.0178622 0.98196
0 2 1 1 1 2 5 1 1 1 1 0 0.93917 0.0613734
0 2 1 1 1 2 1 1 1 1 1 0 0.996268 0.00380735
0 4 1 1 1 2 1 1 1 1 1 0 0.986405 0.0137999
0 6 2 3 1 2 1 1 1 1 1 0 0.829248 0.171625
0 5 1 1 1 2 1 2 1 1 1 0 0.96746 0.0329219
0 1 1 1 1 2 1 1 1 1 1 0 0.99803 0.00201545
0 8 7 4 4 5 3 5 10 1 0 1 0.0240175 0.975767
0 3 1 1 1 2 1 1 1 1 1 0 0.992872 0.00725347
0 3 1 4 1 2 1 1 1 1 1 0 0.962895 0.0375239
0 10 10 7 8 7 1 10 10 3 0 1 0.00830076 0.991597
0 4 2 4 3 2 2 2 1 1 1 0 0.643416 0.3573
0 4 1 1 1 2 1 1 1 1 1 0 0.986405 0.0137999
0 5 1 1 3 2 1 1 1 1 1 0 0.938161 0.0624012
0 4 1 1 3 2 1 1 1 1 1 0 0.965936 0.0344539
0 3 1 1 1 2 1 2 1 1 1 0 0.990865 0.00928806
0 3 1 1 1 2 1 2 1 1 1 0 0.990865 0.00928806
0 1 1 1 1 2 1 1 1 1 1 0 0.99803 0.00201545
0 2 1 1 1 2 1 1 1 1 1 0 0.996268 0.00380735
0 3 1 1 1 2 1 2 1 1 1 0 0.990865 0.00928806
0 1 2 2 1 2 1 1 1 1 1 0 0.994824 0.00527417
0 1 1 1 3 2 1 1 1 1 1 0 0.995009 0.00508541
0 5 10 10 10 10 2 10 10 10 0 1 0.00677783 0.993134
0 3 1 1 1 2 1 2 1 1 1 0 0.990865 0.00928806
0 3 1 1 2 3 4 1 1 1 1 0 0.902912 0.0977786
0 1 2 1 3 2 1 2 1 1 1 0 0.99031 0.00984922
0 5 1 1 1 2 1 2 2 1 1 0 0.957975 0.0424767
0 4 1 1 1 2 1 2 1 1 1 0 0.982613 0.0176337
0 3 1 1 1 2 1 3 1 1 1 0 0.988324 0.0118603
0 3 1 1 1 2 1 2 1 1 1 0 0.990865 0.00928806
0 5 1 1 1 2 1 2 1 1 1 0 0.96746 0.0329219
0 5 4 5 1 8 1 3 6 1 1 0 0.238146 0.761548
0 7 8 8 7 3 10 7 2 3 0 1 0.00740027 0.992503
0 1 1 1 1 2 1 1 1 1 1 0 0.99803 0.00201545
0 1 1 1 1 2 1 2 1 1 1 0 0.997492 0.00256329
0 4 1 1 1 2 1 3 1 1 1 0 0.977865 0.0224296
0 1 1 3 1 2 1 2 1 1 1 0 0.992355 0.00777835
0 1 1 3 1 2 1 2 1 1 1 0 0.992355 0.00777835
0 3 1 1 3 2 1 2 1 1 1 0 0.976787 0.0235142
0 1 1 1 1 2 1 1 1 1 1 0 0.99803 0.00201545
0 5 2 2 2 2 1 1 1 2 1 0 0.879947 0.120835
0 3 1 1 1 2 1 3 1 1 1 0 0.988324 0.0118603
0 5 7 4 1 6 1 7 10 3 0 1 0.0730096 0.926622
0 5 10 10 8 5 5 7 10 1 0 1 0.00842261 0.991473
0 3 10 7 8 5 8 7 4 1 0 1 0.0112415 0.988628
0 3 2 1 2 2 1 3 1 1 1 0 0.972008 0.0283385
0 2 1 1 1 2 1 3 1 1 1 0 0.993898 0.00621407
0 5 3 2 1 3 1 1 1 1 1 0 0.89815 0.102584
0 1 1 1 1 2 1 2 1 1 1 0 0.997492 0.00256329
0 4 1 4 1 2 1 1 1 1 1 0 0.932809 0.0677924
0 1 1 2 1 2 1 2 1 1 1 0 0.995629 0.00445716
0 5 1 1 1 2 1 1 1 1 1 0 0.974392 0.0259312
0 1 1 1 1 2 1 1 1 1 1 0 0.99803 0.00201545
0 2 1 1 1 2 1 1 1 1 1 0 0.996268 0.00380735
0 10 10 10 10 5 10 10 10 7 0 1 0.00388501 0.996055
0 5 10 10 10 4 10 5 6 3 0 1 0.00589944 0.994019
0 5 1 1 1 2 1 3 2 1 1 0 0.947227 0.0532958
0 1 1 1 1 2 1 1 1 1 1 0 0.99803 0.00201545
0 1 1 1 1 2 1 1 1 1 1 0 0.99803 0.00201545
0 1 1 1 1 2 1 1 1 1 1 0 0.99803 0.00201545
0 1 1 1 1 2 1 1 1 1 1 0 0.99803 0.00201545
0 3 1 1 1 2 1 2 3 1 1 0 0.984382 0.0158462
0 4 1 1 1 2 1 1 1 1 1 0 0.986405 0.0137999
0 1 1 1 1 2 1 1 1 8 1 0 0.988118 0.0120679
0 1 1 1 3 2 1 1 1 1 1 0 0.995009 0.00508541
0 5 10 10 5 4 5 4 4 1 0 1 0.0141174 0.985733
0 3 1 1 1 2 1 1 1 1 1 0 0.992872 0.00725347
0 3 1 1 1 2 1 2 1 2 1 0 0.988075 0.0121114
0 3 1 1 1 3 2 1 1 1 1 0 0.983435 0.0168006
0 2 1 1 1 2 1 1 1 1 1 0 0.996268 0.00380735
0 5 10 10 3 7 3 8 10 2 0 1 0.0128746 0.986987
0 4 8 6 4 3 4 10 6 1 0 1 0.0265249 0.973251
0 4 8 8 5 4 5 10 4 1 0 1 0.0172925 0.982537